SRR13258790.116003	CP135021.1	234	234	1	234	4.57e-114	425	1470492
SRR13258790.220987	CP135021.1	321	319	1	319	7.99e-153	555	1470492
SRR13258790.382474	CP135021.1	237	236	1	236	4.62e-114	425	1470492
SRR13258790.728663	OZ350506.1	62	206	145	206	2.13e-07	71.3	1342090
SRR13258790.138571	CP135021.1	280	280	1	280	9.10e-137	501	1470492
SRR13258790.178915	CP135021.1	220	220	1	220	1.54e-108	407	1470492
SRR13258790.532596	CP135018.1	241	241	1	241	1.69e-118	440	1470492
SRR13258790.209644	CP135021.1	308	309	1	308	2.14e-153	556	1470492
SRR13258790.9826	CP135021.1	236	236	1	236	1.66e-113	424	1470492
SRR13258790.234079	CP135021.1	259	259	1	259	1.81e-128	473	1470492
SRR13258790.505091	CP135021.1	221	221	1	221	2.00e-107	403	1470492
SRR13258790.122315	CP135021.1	209	208	1	208	3.15e-95	363	1470492
SRR13258790.54845	CP135021.1	240	240	1	240	2.18e-117	436	1470492
SRR13258790.506525	CP135021.1	251	251	1	251	1.76e-123	457	1470492
SRR13258790.381523	CP135018.1	317	315	1	315	2.85e-147	536	1470492
SRR13258790.366359	CP135021.1	306	306	1	306	2.74e-152	553	1470492
SRR13258790.528260	CP135018.1	235	235	1	235	7.63e-117	435	1470492
SRR13258790.131052	CP135018.1	310	310	1	310	1.30e-150	547	1470492
